0 0.478328 0.391227 0.903751 0.779736
0 0.478516 0.39122 0.903688 0.779719
0 0.485874 0.407173 0.929974 0.813847
0 0.478328 0.391227 0.903751 0.779736
0 0.478516 0.39122 0.903688 0.779719
0 0.485874 0.407173 0.929974 0.813847
0 0.485443 0.407507 0.928934 0.81491
0 0.485948 0.407399 0.928749 0.814636
0 0.478328 0.391227 0.903751 0.779736
0 0.478516 0.39122 0.903688 0.779719
0 0.485874 0.407173 0.929974 0.813847
0 0.485443 0.407507 0.928934 0.81491
0 0.485948 0.407399 0.928749 0.814636
0 0.484375 0.407374 0.926966 0.814355
0 0.47807 0.391124 0.903536 0.78009
0 0.478105 0.391095 0.90359 0.780091
0 0.477773 0.391105 0.900708 0.780089
0 0.4849 0.407957 0.924119 0.81482
0 0.483971 0.407811 0.925439 0.814245
0 0.482481 0.407971 0.924324 0.814788
0 0.482171 0.407888 0.924048 0.81482
0 0.482568 0.407885 0.92392 0.814714
0 0.482035 0.407796 0.924841 0.814823
0 0.482803 0.407961 0.924276 0.815038
0 0.481178 0.408124 0.925176 0.815218
0 0.480464 0.407868 0.924902 0.815076
0 0.479698 0.408107 0.921592 0.816215
0 0.479044 0.407885 0.921403 0.81577
0 0.479924 0.408037 0.921232 0.816073
0 0.48058 0.407982 0.920651 0.815965
0 0.480829 0.408067 0.919842 0.816134
0 0.481299 0.408124 0.91894 0.816248
0 0.480979 0.407959 0.920315 0.815874
0 0.480721 0.407865 0.920429 0.815729
0 0.48041 0.407761 0.921234 0.815522
0 0.480289 0.407701 0.920927 0.815402
0 0.480225 0.407721 0.921228 0.815442
0 0.480577 0.407853 0.921393 0.815705
0 0.480266 0.407778 0.920457 0.81551
0 0.480034 0.407846 0.920579 0.815528
0 0.48071 0.407809 0.9217 0.815356
0 0.481843 0.407813 0.924105 0.815188
0 0.482174 0.407818 0.923032 0.815141
0 0.47544 0.391052 0.90656 0.779332
0 0.471729 0.390119 0.911246 0.776533
0 0.263882 0.420909 0.523656 0.792757
0 0.261805 0.468922 0.517112 0.891002
0 0.262686 0.485234 0.507656 0.92602
0 0.259681 0.468013 0.508264 0.897963
0 0.258577 0.467409 0.504577 0.899004
0 0.258863 0.467375 0.505105 0.898964
0 0.259923 0.467121 0.506151 0.898991
0 0.260987 0.46682 0.506936 0.899013
0 0.260778 0.466689 0.507038 0.899108
0 0.261079 0.467295 0.506065 0.897962
0 0.261373 0.467429 0.503053 0.897325
