0 0.478328 0.391227 0.903751 0.779736
0 0.478516 0.39122 0.903688 0.779719
0 0.485874 0.407173 0.929974 0.813847
0 0.485443 0.407507 0.928934 0.81491
0 0.485948 0.407399 0.928749 0.814636
0 0.484375 0.407374 0.926966 0.814355
0 0.47807 0.391124 0.903536 0.78009
0 0.478105 0.391095 0.90359 0.780091
0 0.477773 0.391105 0.900708 0.780089
0 0.4849 0.407957 0.924119 0.81482
0 0.483971 0.407811 0.925439 0.814245
0 0.482481 0.407971 0.924324 0.814788
0 0.482171 0.407888 0.924048 0.81482
0 0.482568 0.407885 0.92392 0.814714
0 0.482035 0.407796 0.924841 0.814823
0 0.482803 0.407961 0.924276 0.815038
0 0.481178 0.408124 0.925176 0.815218
0 0.480464 0.407868 0.924902 0.815076
0 0.479698 0.408107 0.921592 0.816215
0 0.479044 0.407885 0.921403 0.81577
0 0.479924 0.408037 0.921232 0.816073
0 0.48058 0.407982 0.920651 0.815965
0 0.480829 0.408067 0.919842 0.816134
0 0.481299 0.408124 0.91894 0.816248
0 0.480979 0.407959 0.920315 0.815874
0 0.480721 0.407865 0.920429 0.815729
0 0.48041 0.407761 0.921234 0.815522
0 0.480289 0.407701 0.920927 0.815402
0 0.480225 0.407721 0.921228 0.815442
0 0.480577 0.407853 0.921393 0.815705
0 0.480266 0.407778 0.920457 0.81551
0 0.480034 0.407846 0.920579 0.815528
0 0.48071 0.407809 0.9217 0.815356
0 0.481843 0.407813 0.924105 0.815188
0 0.482174 0.407818 0.923032 0.815141
0 0.47544 0.391052 0.90656 0.779332
0 0.471729 0.390119 0.911246 0.776533
0 0.263882 0.420909 0.523656 0.792757
0 0.261805 0.468922 0.517112 0.891002
0 0.262686 0.485234 0.507656 0.92602
0 0.259681 0.468013 0.508264 0.897963
0 0.258577 0.467409 0.504577 0.899004
0 0.258863 0.467375 0.505105 0.898964
0 0.259923 0.467121 0.506151 0.898991
0 0.260987 0.46682 0.506936 0.899013
0 0.260778 0.466689 0.507038 0.899108
0 0.261079 0.467295 0.506065 0.897962
0 0.261373 0.467429 0.503053 0.897325
0 0.260881 0.467229 0.503191 0.897951
0 0.260431 0.467108 0.501147 0.898062
0 0.260017 0.467064 0.49886 0.898114
0 0.260244 0.466583 0.498789 0.899035
0 0.260199 0.466336 0.497382 0.899404
0 0.26011 0.466534 0.496003 0.898814
0 0.260157 0.466667 0.50075 0.899159
0 0.260438 0.46635 0.50218 0.899439
0 0.261287 0.466438 0.50194 0.898685
0 0.261393 0.465994 0.503921 0.899325
0 0.261852 0.466115 0.504065 0.899089
0 0.262353 0.466217 0.50362 0.899042
0 0.262868 0.466563 0.500447 0.89819
0 0.263111 0.466928 0.498715 0.897066
0 0.263549 0.46654 0.497796 0.896814
0 0.263023 0.466771 0.501041 0.896726
0 0.26333 0.466244 0.499021 0.896874
0 0.271099 0.466334 0.50813 0.895764
0 0.271759 0.466405 0.507241 0.895866
0 0.273548 0.466015 0.506559 0.895634
0 0.273831 0.465599 0.506411 0.896089
0 0.265453 0.465736 0.503799 0.897153
0 0.265809 0.466017 0.504808 0.896681
0 0.273425 0.465702 0.508536 0.896369
0 0.27339 0.466382 0.507613 0.895556
0 0.273546 0.466281 0.506611 0.895814
0 0.274137 0.466224 0.50676 0.895905
0 0.27416 0.466445 0.506713 0.895441
0 0.272879 0.467462 0.510187 0.894743
0 0.272583 0.46764 0.511206 0.895186
0 0.265896 0.467262 0.503973 0.89613
0 0.264982 0.468236 0.50282 0.895404
0 0.26494 0.468215 0.501497 0.895333
0 0.264832 0.468237 0.503244 0.895562
0 0.265082 0.468381 0.50443 0.895479
0 0.265937 0.468126 0.506062 0.895728
0 0.266568 0.467868 0.505322 0.89582
0 0.266168 0.467684 0.505409 0.896057
0 0.273578 0.467777 0.505861 0.895108
0 0.272855 0.468049 0.50595 0.895163
0 0.266037 0.46798 0.503243 0.895608
0 0.273495 0.468734 0.503958 0.894332
0 0.274165 0.468311 0.503621 0.894655
0 0.274746 0.468323 0.500728 0.894692
0 0.275293 0.46812 0.500264 0.894447
0 0.27517 0.468209 0.499605 0.894241
0 0.266832 0.467307 0.501346 0.895787
0 0.266673 0.467305 0.500211 0.895832
0 0.266805 0.466878 0.498706 0.896162
0 0.267035 0.467237 0.499547 0.89597
0 0.266824 0.467617 0.500416 0.896019
0 0.266946 0.467383 0.500537 0.896271
0 0.266633 0.467203 0.500187 0.896287
0 0.274669 0.467542 0.49793 0.895287
0 0.265707 0.467906 0.500832 0.895585
0 0.266133 0.468488 0.505098 0.894773
0 0.272928 0.468495 0.504497 0.89426
0 0.266429 0.468373 0.503851 0.893931
0 0.26616 0.467647 0.502325 0.894804
0 0.266508 0.467121 0.501246 0.895734
0 0.266348 0.466924 0.50071 0.896372
0 0.265489 0.467048 0.499371 0.895886
0 0.271516 0.467303 0.502212 0.895482
0 0.26501 0.466972 0.499255 0.896147
0 0.264798 0.467309 0.500893 0.895901
0 0.264445 0.467185 0.498924 0.896431
0 0.26376 0.467076 0.498532 0.896979
0 0.263457 0.466625 0.497812 0.897506
0 0.26293 0.466734 0.4971 0.897819
0 0.26324 0.466428 0.496588 0.898408
0 0.262134 0.466493 0.495212 0.898786
0 0.262281 0.466184 0.495395 0.899548
0 0.262643 0.466399 0.49852 0.89942
0 0.26272 0.466586 0.498959 0.899364
0 0.261211 0.466535 0.496319 0.898667
0 0.261688 0.466855 0.496888 0.898235
0 0.265308 0.467343 0.504571 0.897199
0 0.265246 0.466924 0.504617 0.897853
0 0.265233 0.466963 0.504481 0.897771
0 0.265458 0.466732 0.504368 0.898062
0 0.271121 0.466774 0.52239 0.899008
0 0.266182 0.466741 0.505904 0.897828
0 0.265879 0.466937 0.504754 0.897599
0 0.271295 0.467121 0.520124 0.898181
0 0.271082 0.468102 0.521786 0.896641
0 0.266205 0.467324 0.506814 0.89688
0 0.266389 0.467584 0.508684 0.896738
0 0.265854 0.467982 0.509024 0.896456
0 0.266027 0.467801 0.509379 0.896633
0 0.266191 0.468325 0.510176 0.896021
0 0.266675 0.468502 0.511971 0.895687
0 0.266349 0.468368 0.510273 0.895872
0 0.267393 0.468525 0.512165 0.89557
0 0.272767 0.469031 0.52791 0.895232
1 0.190549 0.561094 0.124415 0.123581
0 0.502815 0.538477 0.994369 0.91424
1 0.190549 0.561094 0.124415 0.123581
0 0.502815 0.538477 0.994369 0.91424
1 0.190553 0.561096 0.124405 0.123585
0 0.502781 0.538468 0.994439 0.914211
1 0.190555 0.561101 0.12439 0.123595
0 0.502752 0.538484 0.994497 0.914233
1 0.190555 0.561101 0.12439 0.123595
0 0.502752 0.538485 0.994496 0.914238
1 0.190551 0.561107 0.124409 0.123608
0 0.502731 0.538487 0.994537 0.914241
1 0.190551 0.561107 0.124409 0.123608
0 0.502731 0.538487 0.994538 0.914241
0 0.501407 0.538737 0.997185 0.915196
1 0.189655 0.563766 0.12341 0.128489
0 0.501496 0.538235 0.997007 0.913936
1 0.189083 0.56548 0.121686 0.131982
0 0.502412 0.538348 0.995176 0.913846
0 0.503787 0.538561 0.992426 0.913972
0 0.506477 0.538873 0.987047 0.914865
0 0.508569 0.539342 0.982861 0.916055
1 0.18575 0.566859 0.120242 0.120983
1 0.187095 0.56678 0.115144 0.118665
0 0.508831 0.540838 0.982338 0.917778
1 0.263723 0.957996 0.244967 0.0834906
1 0.187575 0.566748 0.113552 0.117453
0 0.514705 0.541552 0.970591 0.916895
1 0.18663 0.567686 0.115436 0.116629
0 0.515104 0.54217 0.969792 0.91566
1 0.186487 0.567626 0.115327 0.116539
1 0.184597 0.568258 0.118507 0.116437
1 0.184029 0.568274 0.117525 0.115278
1 0.183885 0.567807 0.118594 0.114567
1 0.183213 0.567846 0.118913 0.114537
1 0.183205 0.567572 0.118807 0.113962
1 0.182347 0.566357 0.121916 0.114904
1 0.181181 0.565 0.12298 0.115196
1 0.180654 0.56464 0.122024 0.114952
1 0.180504 0.564267 0.123701 0.114902
1 0.180451 0.563927 0.123537 0.114603
1 0.180149 0.563296 0.125251 0.114647
1 0.179379 0.56105 0.120121 0.111609
0 0.399248 0.297931 0.798288 0.595862
0 0.39959 0.297917 0.798979 0.595834
0 0.406334 0.300328 0.811964 0.600655
1 0.266774 0.332952 0.119747 0.114901
0 0.457145 0.298068 0.91429 0.596135
0 0.477651 0.295933 0.954433 0.591867
0 0.47879 0.295864 0.956743 0.591728
