0 0.478328 0.391227 0.903751 0.779736
1 0.190549 0.561094 0.124415 0.123581
0 0.502815 0.538477 0.994369 0.91424
0 0.478516 0.39122 0.903688 0.779719
1 0.190553 0.561096 0.124405 0.123585
0 0.502781 0.538468 0.994439 0.914211
0 0.485874 0.407173 0.929974 0.813847
1 0.190555 0.561101 0.12439 0.123595
0 0.502752 0.538484 0.994497 0.914233
1 0.190555 0.561101 0.12439 0.123595
0 0.502752 0.538485 0.994496 0.914238
1 0.190551 0.561107 0.124409 0.123608
0 0.502731 0.538487 0.994537 0.914241
1 0.190551 0.561107 0.124409 0.123608
0 0.502731 0.538487 0.994538 0.914241
0 0.485443 0.407507 0.928934 0.81491
0 0.501407 0.538737 0.997185 0.915196
1 0.189655 0.563766 0.12341 0.128489
0 0.485948 0.407399 0.928749 0.814636
0 0.501496 0.538235 0.997007 0.913936
1 0.189083 0.56548 0.121686 0.131982
0 0.502412 0.538348 0.995176 0.913846
0 0.503787 0.538561 0.992426 0.913972
0 0.506477 0.538873 0.987047 0.914865
0 0.484375 0.407374 0.926966 0.814355
0 0.508569 0.539342 0.982861 0.916055
1 0.18575 0.566859 0.120242 0.120983
0 0.47807 0.391124 0.903536 0.78009
1 0.187095 0.56678 0.115144 0.118665
0 0.508831 0.540838 0.982338 0.917778
1 0.263723 0.957996 0.244967 0.0834906
0 0.478105 0.391095 0.90359 0.780091
1 0.187575 0.566748 0.113552 0.117453
0 0.514705 0.541552 0.970591 0.916895
1 0.18663 0.567686 0.115436 0.116629
0 0.515104 0.54217 0.969792 0.91566
0 0.477773 0.391105 0.900708 0.780089
1 0.186487 0.567626 0.115327 0.116539
0 0.4849 0.407957 0.924119 0.81482
1 0.184597 0.568258 0.118507 0.116437
0 0.483971 0.407811 0.925439 0.814245
1 0.184029 0.568274 0.117525 0.115278
