0 0.478328 0.391227 0.903751 0.779736
0 0.478516 0.39122 0.903688 0.779719
0 0.485874 0.407173 0.929974 0.813847
0 0.485443 0.407507 0.928934 0.81491
0 0.485948 0.407399 0.928749 0.814636
0 0.484375 0.407374 0.926966 0.814355
0 0.47807 0.391124 0.903536 0.78009
0 0.478105 0.391095 0.90359 0.780091
0 0.477773 0.391105 0.900708 0.780089
0 0.4849 0.407957 0.924119 0.81482
0 0.483971 0.407811 0.925439 0.814245
0 0.482481 0.407971 0.924324 0.814788
0 0.482171 0.407888 0.924048 0.81482
0 0.482568 0.407885 0.92392 0.814714
0 0.482035 0.407796 0.924841 0.814823
0 0.482803 0.407961 0.924276 0.815038
0 0.481178 0.408124 0.925176 0.815218
0 0.480464 0.407868 0.924902 0.815076
0 0.479698 0.408107 0.921592 0.816215
0 0.479044 0.407885 0.921403 0.81577
0 0.479924 0.408037 0.921232 0.816073
0 0.48058 0.407982 0.920651 0.815965
0 0.480829 0.408067 0.919842 0.816134
0 0.481299 0.408124 0.91894 0.816248
0 0.480979 0.407959 0.920315 0.815874
0 0.480721 0.407865 0.920429 0.815729
0 0.48041 0.407761 0.921234 0.815522
0 0.480289 0.407701 0.920927 0.815402
0 0.480225 0.407721 0.921228 0.815442
0 0.480577 0.407853 0.921393 0.815705
0 0.480266 0.407778 0.920457 0.81551
0 0.480034 0.407846 0.920579 0.815528
0 0.48071 0.407809 0.9217 0.815356
0 0.481843 0.407813 0.924105 0.815188
0 0.482174 0.407818 0.923032 0.815141
0 0.47544 0.391052 0.90656 0.779332
0 0.471729 0.390119 0.911246 0.776533
0 0.263882 0.420909 0.523656 0.792757
0 0.261805 0.468922 0.517112 0.891002
0 0.262686 0.485234 0.507656 0.92602
0 0.259681 0.468013 0.508264 0.897963
0 0.258577 0.467409 0.504577 0.899004
0 0.258863 0.467375 0.505105 0.898964
0 0.259923 0.467121 0.506151 0.898991
0 0.260987 0.46682 0.506936 0.899013
0 0.260778 0.466689 0.507038 0.899108
0 0.261079 0.467295 0.506065 0.897962
0 0.261373 0.467429 0.503053 0.897325
0 0.260881 0.467229 0.503191 0.897951
0 0.260431 0.467108 0.501147 0.898062
0 0.260017 0.467064 0.49886 0.898114
0 0.260244 0.466583 0.498789 0.899035
0 0.260199 0.466336 0.497382 0.899404
0 0.26011 0.466534 0.496003 0.898814
0 0.260157 0.466667 0.50075 0.899159
0 0.260438 0.46635 0.50218 0.899439
0 0.261287 0.466438 0.50194 0.898685
0 0.261393 0.465994 0.503921 0.899325
0 0.261852 0.466115 0.504065 0.899089
0 0.262353 0.466217 0.50362 0.899042
0 0.262868 0.466563 0.500447 0.89819
0 0.263111 0.466928 0.498715 0.897066
0 0.263549 0.46654 0.497796 0.896814
0 0.263023 0.466771 0.501041 0.896726
0 0.26333 0.466244 0.499021 0.896874
0 0.271099 0.466334 0.50813 0.895764
0 0.271759 0.466405 0.507241 0.895866
0 0.273548 0.466015 0.506559 0.895634
0 0.273831 0.465599 0.506411 0.896089
0 0.265453 0.465736 0.503799 0.897153
0 0.265809 0.466017 0.504808 0.896681
0 0.273425 0.465702 0.508536 0.896369
0 0.27339 0.466382 0.507613 0.895556
0 0.273546 0.466281 0.506611 0.895814
0 0.274137 0.466224 0.50676 0.895905
0 0.27416 0.466445 0.506713 0.895441
0 0.272879 0.467462 0.510187 0.894743
0 0.272583 0.46764 0.511206 0.895186
0 0.265896 0.467262 0.503973 0.89613
0 0.264982 0.468236 0.50282 0.895404
1 0.190549 0.561094 0.124415 0.123581
0 0.502815 0.538477 0.994369 0.91424
1 0.190553 0.561096 0.124405 0.123585
0 0.502781 0.538468 0.994439 0.914211
1 0.190555 0.561101 0.12439 0.123595
0 0.502752 0.538484 0.994497 0.914233
1 0.190555 0.561101 0.12439 0.123595
0 0.502752 0.538485 0.994496 0.914238
1 0.190551 0.561107 0.124409 0.123608
0 0.502731 0.538487 0.994537 0.914241
1 0.190551 0.561107 0.124409 0.123608
0 0.502731 0.538487 0.994538 0.914241
0 0.501407 0.538737 0.997185 0.915196
1 0.189655 0.563766 0.12341 0.128489
0 0.501496 0.538235 0.997007 0.913936
1 0.189083 0.56548 0.121686 0.131982
0 0.502412 0.538348 0.995176 0.913846
0 0.503787 0.538561 0.992426 0.913972
0 0.506477 0.538873 0.987047 0.914865
0 0.508569 0.539342 0.982861 0.916055
1 0.18575 0.566859 0.120242 0.120983
1 0.187095 0.56678 0.115144 0.118665
0 0.508831 0.540838 0.982338 0.917778
1 0.263723 0.957996 0.244967 0.0834906
1 0.187575 0.566748 0.113552 0.117453
0 0.514705 0.541552 0.970591 0.916895
1 0.18663 0.567686 0.115436 0.116629
0 0.515104 0.54217 0.969792 0.91566
1 0.186487 0.567626 0.115327 0.116539
1 0.184597 0.568258 0.118507 0.116437
1 0.184029 0.568274 0.117525 0.115278
1 0.183885 0.567807 0.118594 0.114567
1 0.183213 0.567846 0.118913 0.114537
1 0.183205 0.567572 0.118807 0.113962
1 0.182347 0.566357 0.121916 0.114904
1 0.181181 0.565 0.12298 0.115196
1 0.180654 0.56464 0.122024 0.114952
1 0.180504 0.564267 0.123701 0.114902
1 0.180451 0.563927 0.123537 0.114603
1 0.180149 0.563296 0.125251 0.114647
1 0.179379 0.56105 0.120121 0.111609
0 0.399248 0.297931 0.798288 0.595862
0 0.39959 0.297917 0.798979 0.595834
0 0.406334 0.300328 0.811964 0.600655
1 0.266774 0.332952 0.119747 0.114901
